15 Elements of the random Array
-----------------------------------------
14,48,72,70,34,44,95,66,90,89,17,2,94,86,87
-----------------------------------------

Array Sum = 908.0
Array Elements below the average = 6
Array Maximum = 95
Array Minimum = 2



-----------------------------------------
Elements of a 10x10 MatrixArray
-----------------------------------------
0	0	0	0	0	0	0	0	0	0
0	0	0	0	0	0	0	0	0	0
0	0	0	0	0	0	0	0	0	0
0	0	0	0	0	0	0	0	0	0
0	0	0	0	0	0	0	0	0	0
0	0	0	0	0	0	0	0	0	0
0	0	0	0	0	0	0	0	0	0
0	0	0	0	0	0	0	0	0	0
0	0	0	0	0	0	0	0	0	0
0	0	0	0	0	0	0	0	0	0
Sum of matrix = 0
Average of matrix = 0.0
-----------------------------------------


1	0	1	0	1	0	1	0	1	0
1	0	1	0	1	0	1	0	1	0
1	0	1	0	1	0	1	0	1	0
1	0	1	0	1	0	1	0	1	0
1	0	1	0	1	0	1	0	1	0
1	0	1	0	1	0	1	0	1	0
1	0	1	0	1	0	1	0	1	0
1	0	1	0	1	0	1	0	1	0
1	0	1	0	1	0	1	0	1	0
1	0	1	0	1	0	1	0	1	0
Sum of matrix = 50
Average of matrix = 0.5
-----------------------------------------


1	0	1	0	1	0	1	0	1	0
1	1	1	1	1	1	1	1	1	1
1	0	1	0	1	0	1	0	1	0
1	1	1	1	1	1	1	1	1	1
1	0	1	0	1	0	1	0	1	0
1	1	1	1	1	1	1	1	1	1
1	0	1	0	1	0	1	0	1	0
1	1	1	1	1	1	1	1	1	1
1	0	1	0	1	0	1	0	1	0
1	1	1	1	1	1	1	1	1	1
Sum of matrix = 75
Average of matrix = 0.75
-----------------------------------------
